
===== SEPARATRIX (Logic C): success rate (success_traverse) =====
sigma_p   0.000  0.005  0.010  0.020  0.050
sigma_uv                                   
0.000     100.0   65.7   44.5   33.3   19.0
0.001      99.6   63.2   45.6   32.9   19.1
0.005      62.4   52.1   43.5   31.2   19.4
0.010      43.7   40.7   37.0   28.8   18.7
0.020      25.5   25.7   24.3   22.6   17.0
0.050      16.0   16.2   15.8   16.1   14.9
0.100      14.1   14.1   14.3   14.6   13.6
0.200      13.5   12.4   12.8   12.8   12.4
0.400      12.1   12.2   12.0   12.3   12.0
0.800       4.8    5.4    5.1    5.4    5.2
50-percent cliff (first sigma_uv below 50%): sigma_p=0.0: 0.01, sigma_p=0.005: 0.01, sigma_p=0.01: 0.0, sigma_p=0.02: 0.0, sigma_p=0.05: 0.0
Cliff at sigma_p=0: sigma_uv = 0.01; open-loop gradient threshold = 0.01; ratio = 1.0x

--- success_straddle ---
sigma_p    0.000   0.005   0.010   0.020   0.050
sigma_uv                                        
0.000     1.0000  0.6385  0.4120  0.3090  0.1721
0.001     0.9955  0.6117  0.4212  0.3044  0.1731
0.005     0.5893  0.4800  0.3908  0.2850  0.1781
0.010     0.3886  0.3653  0.3338  0.2629  0.1689
0.020     0.2200  0.2214  0.2076  0.1983  0.1505
0.050     0.1355  0.1385  0.1322  0.1351  0.1226
0.100     0.1151  0.1138  0.1139  0.1140  0.1078
0.200     0.0682  0.0627  0.0660  0.0680  0.0649
0.400     0.0175  0.0161  0.0178  0.0186  0.0172
0.800     0.0010  0.0013  0.0009  0.0017  0.0012

--- track_mean ---
sigma_p    0.000   0.005   0.010   0.020   0.050
sigma_uv                                        
0.000     0.0016  0.0582  0.0940  0.1262  0.2000
0.001     0.0063  0.0607  0.0942  0.1272  0.1999
0.005     0.0560  0.0734  0.0930  0.1280  0.2025
0.010     0.0883  0.0956  0.1065  0.1390  0.2097
0.020     0.1628  0.1619  0.1677  0.1839  0.2261
0.050     0.2411  0.2413  0.2418  0.2409  0.2502
0.100     0.2631  0.2612  0.2596  0.2585  0.2658
0.200     0.2796  0.2808  0.2823  0.2807  0.2824
0.400     0.2178  0.2186  0.2182  0.2174  0.2147
0.800     0.1105  0.1086  0.1091  0.1084  0.1061

Heading isotropy (low-noise trials, n=40000): Q1=76.3%, Q2=77.1%, Q3=75.9%, Q4=76.3%

===== OKUBO-WEISS (Logic G Newton): success rate (success_track) =====
sigma_p   0.000  0.005  0.010  0.020  0.050
sigma_uv                                   
0.000     100.0  100.0  100.0   98.6    9.6
0.001     100.0  100.0  100.0   98.0    8.9
0.005      94.6   93.6   90.7   71.2    9.1
0.010      20.8   19.4   17.3   12.9    7.7
0.020       8.3    8.2    7.8    7.8    6.8
0.050       5.9    5.6    5.2    5.9    5.4
0.100       4.4    4.2    4.3    3.8    4.7
50-percent cliff (first sigma_uv below 50%): sigma_p=0.0: 0.01, sigma_p=0.005: 0.01, sigma_p=0.01: 0.01, sigma_p=0.02: 0.01, sigma_p=0.05: 0.0
Cliff at sigma_p=0: sigma_uv = 0.01; open-loop gradient threshold = 0.01; ratio = 1.0x

--- d_mean ---
sigma_p    0.000   0.005   0.010   0.020   0.050
sigma_uv                                        
0.000     0.0008  0.0035  0.0062  0.0128  0.1423
0.001     0.0029  0.0043  0.0067  0.0134  0.1414
0.005     0.0154  0.0162  0.0186  0.0288  0.1496
0.010     0.0531  0.0544  0.0588  0.0784  0.1682
0.020     0.1398  0.1416  0.1456  0.1579  0.1905
0.050     0.2162  0.2156  0.2164  0.2177  0.2228
0.100     0.2197  0.2215  0.2197  0.2227  0.2188

--- d_p95 ---
sigma_p    0.000   0.005   0.010   0.020   0.050
sigma_uv                                        
0.000     0.0051  0.0100  0.0176  0.0390  0.4137
0.001     0.0085  0.0122  0.0190  0.0408  0.4102
0.005     0.0481  0.0511  0.0607  0.1007  0.4222
0.010     0.1773  0.1804  0.1962  0.2583  0.4518
0.020     0.3963  0.4015  0.4091  0.4330  0.4808
0.050     0.5098  0.5154  0.5101  0.5101  0.5132
0.100     0.4893  0.4961  0.4915  0.4984  0.4836

Heading isotropy (low-noise trials, n=40000): Q1=78.8%, Q2=78.7%, Q3=78.7%, Q4=79.2%
