
===== SEPARATRIX (Logic C): success rate (success_traverse) =====
sigma_p   0.000  0.005  0.010  0.020  0.050
sigma_uv                                   
0.000     100.0   64.7   45.4   36.0   18.8
0.001      99.3   61.9   43.7   33.8   19.9
0.005      60.2   53.6   40.7   29.7   17.4
0.010      43.3   40.6   39.6   28.1   18.4
0.020      27.6   27.5   22.9   20.4   18.4
0.050      15.1   16.4   14.7   15.2   15.0
0.100      13.0   15.0   13.3   14.3   13.5
0.200      13.9   11.8   15.4   13.6   11.0
0.400      11.8   13.3   12.2   11.3   12.0
0.800       5.5    5.2    4.6    5.8    5.3
50-percent cliff (first sigma_uv below 50%): sigma_p=0.0: 0.01, sigma_p=0.005: 0.01, sigma_p=0.01: 0.0, sigma_p=0.02: 0.0, sigma_p=0.05: 0.0
Cliff at sigma_p=0: sigma_uv = 0.01; open-loop gradient threshold = 0.01; ratio = 1.0x

--- success_straddle ---
sigma_p   0.000  0.005  0.010  0.020  0.050
sigma_uv                                   
0.000     1.000  0.625  0.417  0.338  0.164
0.001     0.993  0.603  0.404  0.310  0.179
0.005     0.560  0.493  0.365  0.272  0.157
0.010     0.379  0.366  0.361  0.258  0.165
0.020     0.237  0.232  0.187  0.177  0.159
0.050     0.126  0.137  0.112  0.128  0.122
0.100     0.106  0.122  0.102  0.107  0.105
0.200     0.070  0.063  0.079  0.064  0.062
0.400     0.018  0.020  0.013  0.012  0.016
0.800     0.000  0.000  0.000  0.004  0.000

--- track_mean ---
sigma_p    0.000   0.005   0.010   0.020   0.050
sigma_uv                                        
0.000     0.0016  0.0630  0.0919  0.1164  0.1986
0.001     0.0069  0.0582  0.0954  0.1279  0.1921
0.005     0.0595  0.0727  0.0962  0.1313  0.1967
0.010     0.0862  0.0954  0.1048  0.1386  0.2132
0.020     0.1576  0.1610  0.1767  0.1891  0.2264
0.050     0.2458  0.2451  0.2478  0.2396  0.2486
0.100     0.2671  0.2628  0.2690  0.2585  0.2770
0.200     0.2734  0.2890  0.2742  0.2767  0.2829
0.400     0.2196  0.2157  0.2129  0.2204  0.2121
0.800     0.1110  0.1111  0.1085  0.1065  0.1036

Heading isotropy (low-noise trials, n=4000): Q1=76.1%, Q2=76.2%, Q3=75.5%, Q4=74.9%

===== OKUBO-WEISS (Logic G Newton): success rate (success_track) =====
sigma_p   0.000  0.005  0.010  0.020  0.050
sigma_uv                                   
0.000     100.0  100.0  100.0   98.6    9.7
0.001     100.0  100.0  100.0   98.4    9.5
0.005      93.8   93.7   91.6   72.8    8.1
0.010      20.9   17.7   16.7   13.4    9.1
0.020       8.8    8.0    9.6    7.2    7.9
0.050       6.6    5.5    4.4    6.7    6.0
0.100       4.5    3.8    5.6    3.5    4.4
50-percent cliff (first sigma_uv below 50%): sigma_p=0.0: 0.01, sigma_p=0.005: 0.01, sigma_p=0.01: 0.01, sigma_p=0.02: 0.01, sigma_p=0.05: 0.0
Cliff at sigma_p=0: sigma_uv = 0.01; open-loop gradient threshold = 0.01; ratio = 1.0x

--- d_mean ---
sigma_p    0.000   0.005   0.010   0.020   0.050
sigma_uv                                        
0.000     0.0008  0.0035  0.0062  0.0127  0.1358
0.001     0.0029  0.0043  0.0067  0.0132  0.1369
0.005     0.0153  0.0162  0.0186  0.0291  0.1552
0.010     0.0528  0.0547  0.0600  0.0792  0.1643
0.020     0.1388  0.1422  0.1384  0.1598  0.1824
0.050     0.2134  0.2160  0.2172  0.2171  0.2078
0.100     0.2131  0.2192  0.2076  0.2265  0.2194

--- d_p95 ---
sigma_p    0.000   0.005   0.010   0.020   0.050
sigma_uv                                        
0.000     0.0051  0.0101  0.0177  0.0380  0.3961
0.001     0.0085  0.0121  0.0188  0.0397  0.3985
0.005     0.0474  0.0510  0.0612  0.1035  0.4303
0.010     0.1732  0.1790  0.1998  0.2594  0.4446
0.020     0.3944  0.4050  0.3904  0.4356  0.4620
0.050     0.5033  0.5239  0.5138  0.5115  0.4881
0.100     0.4721  0.4895  0.4629  0.5099  0.4860

Heading isotropy (low-noise trials, n=4000): Q1=77.6%, Q2=78.8%, Q3=78.9%, Q4=79.4%
